{
  "Set I": {
    "intercept": 3.0000909090909085,
    "slope": 0.5000909090909091,
    "r": 0.81642051634484,
    "r_squared": 0.666542459508775
  },
  "Set II": {
    "intercept": 3.00090909090909,
    "slope": 0.5000000000000002,
    "r": 0.8162365060002428,
    "r_squared": 0.6662420337274843
  },
  "Set III": {
    "intercept": 3.0024545454545444,
    "slope": 0.4997272727272729,
    "r": 0.8162867394895984,
    "r_squared": 0.6663240410665594
  },
  "Set IV": {
    "intercept": 3.001727272727269,
    "slope": 0.49990909090909097,
    "r": 0.8165214368885028,
    "r_squared": 0.6667072568984652
  }
}
elapsed_seconds=0.010236
peak_memory_bytes=12164
